#Calculation provided for various boron concentraiton for total burnup of 25 MWd/kg 
#The goal is to find critical boron concentration for every burnup step

#2550B
#BU-step	reactivity (pcm)			reactivity-err (pcm)
0.00    -197.28846097966883             17.06714424538571
0.10    -2881.822736677062              17.99393806435577
1.00    -3603.2162582455217             18.247164912389742
2.00    -4058.380914028001              18.40784928536321
3.00    -4560.729917543414              18.58600860951208
5.00    -5785.179919434003              19.023857293997942
7.00    -7293.374419542849              19.57017593036476
9.00    -8899.48359864877               21.346375550494272
11.00   -10581.303797804296             20.787982074357892
13.00   -12337.335538140776             22.715418520455888
15.00   -14003.506747867565             25.99359910162217
17.00   -15670.321077677247             24.083321720783303
19.00   -17353.53691824917              26.166519991723458
21.00   -19028.772825255048             26.91891264454373
23.00   -20715.067775474796             27.6870424172712
25.00   -22406.212360089696             26.96990548381808
#2300B
#BU-step	reactivity (pcm)			reactivity-err (pcm)
0.00    1790.3617060978333              16.396726191492462
0.10    -949.6331995077751              17.324408353295777
1.00    -1677.888516295917              17.575268122324914
2.00    -2110.7309188229897             17.725222326919667
3.00    -2691.0181300992544             17.927256847813837
5.00    -3922.1249164725946             17.279692875447896
7.00    -5394.5127400887                18.883605636725225
9.00    -7050.7934604811335             19.481783046881606
11.00   -8735.955392161659              20.09996359157849
13.00   -10385.266657688664             20.714342061651358
15.00   -12118.307237797322             22.626926672164405
17.00   -13746.879070005521             23.28903449669963
19.00   -15414.667588445143             23.976981890192324
21.00   -17114.53215672267              26.060045920347253
23.00   -18743.691741376246             26.790122223904874
25.00   -20377.069131347034             27.532213668040896
#2000B
#BU-step	reactivity (pcm)			reactivity-err (pcm)
0.00    4208.136560880521               15.599337871936156
0.10    1504.0334098318572              15.522328695250431
1.00    706.966399237431                16.760481086791682
2.00    173.69776588736346              15.944464988378243
3.00    -392.4340246021751              16.12582529501456
5.00    -1646.3661932317768             17.564372392490572
7.00    -3158.2943394980703             18.090777274758686
9.00    -4791.595714023737              17.570045651666238
11.00   -6415.809132604734              19.251351536689835
13.00   -8110.796268447751              19.86950525865629
15.00   -9784.065721133104              21.694573955271736
17.00   -11391.570331523588             22.33454749366098
19.00   -13038.799437518936             22.999986320896134
21.00   -14685.080503192263             23.674801842042644
23.00   -16305.03554281886              25.70103645597108
25.00   -17926.336134869987             26.422579432969254
#1700B
#BU-step	reactivity (pcm)			reactivity-err (pcm)
0.00    6645.008308594262               14.81576260529414
0.10    3868.33807582866                15.710203921315397
1.00    3057.564418248435               15.036537306435283
2.00    2505.605927659165               15.208251000852622
3.00    1936.7492032360808              16.347881966609336
5.00    626.0558481566106               15.800289242069905
7.00    -838.7769466421745              16.26953429775145
9.00    -2465.4204822227616             16.79865983135795
11.00   -4100.844570151999              18.422875928372207
13.00   -5778.689825147821              20.140436198024698
15.00   -7410.462638344682              20.76661347152983
17.00   -9015.470385402388              21.391871010030982
19.00   -10641.621829149415             22.034823265772125
21.00   -12254.611419437115             22.681976012871882
23.00   -13862.276744540875             23.33631251781075
25.00   -15384.704142080102             25.295896904915182
#1400B
#BU-step	reactivity (pcm)			reactivity-err (pcm)
0.00    9141.294373120369               14.034017459926346
0.10    6339.855201416143               14.035556357906714
1.00    5455.233052850533               14.301940731345294
2.00    4848.900053284607               14.485970913711716
3.00    4262.244858882539               15.581720191082956
5.00    2960.669959534603               15.066610519523795
7.00    1478.8031645008393              15.530281961438671
9.00    -184.6402920582673              16.05913944071857
11.00   -1800.131729370458              17.6175535941992
13.00   -3439.1446824004556             18.189416309465177
15.00   -5009.256565966295              18.745804739712792
17.00   -6672.242069185479              19.34424428771374
19.00   -8219.603548304367              21.08066866587391
21.00   -9788.043203790756              21.69614597493137
23.00   -11365.023364381907             22.323903172108793
25.00   -12899.820602185064             22.94346508561003
#1100B
#BU-step	reactivity (pcm)			reactivity-err (pcm)
0.00    11613.929644687994              12.499355892566664
0.10    8813.20384808279                13.304050867922086
1.00    7876.554583141401               13.578766712756682
2.00    7239.923936737625               13.767090738019556
3.00    6623.215336203108               13.950758262638551
5.00    5302.133542931276               14.348297458433317
7.00    3805.4561545269194              15.730763451585696
9.00    2227.2629499990244              15.295212976397814
11.00   565.7807077727703               15.819462346007573
13.00   -1053.2783199286118             16.338824094727926
15.00   -2661.077797591363              17.91680472075728
17.00   -4205.743820599387              18.46002297684746
19.00   -5817.866288544161              19.03561540396236
21.00   -7324.004730842132              20.733195584638484
23.00   -8872.570100326071              21.335825736450747
25.00   -10385.754056124533             21.933026457370584
#800B
#BU-step	reactivity (pcm)			reactivity-err (pcm)
0.00    14169.720794101739              11.786938925699923
0.10    11305.057385627864              12.586868552586825
1.00    10329.181574440221              12.865369083375539
2.00    9687.790692423707               12.234442725023206
3.00    9020.606832552434               13.243599969787208
5.00    7689.4673682267085              13.633975095618691
7.00    6166.722966632887               14.087494206112993
9.00    4573.778782933977               14.569861913229476
11.00   2999.262794397243               15.995543131331694
13.00   1362.1881812173976              16.540010464675866
15.00   -207.1281338526776              17.07049649901843
17.00   -1756.31397928242               17.602390638905522
19.00   -3292.0199684132986             19.204634500479166
21.00   -4826.637706560887              19.77952315115263
23.00   -6312.066313214485              20.344059798813568
25.00   -7772.324498158173              20.90677306992535
#600B
#BU-step	reactivity (pcm)			reactivity-err (pcm)
0.00    15880.146032066483              10.614224747379689
0.10    12962.495539327898              12.120843492386427
1.00    12005.913202632775              12.388734898084156
2.00    11318.428917286692              11.796631574547497
3.00    10638.488003217022              11.978219739526782
5.00    9264.132111423653               13.17279635438909
7.00    7789.058249651907               13.604572445577743
9.00    6132.372128823942               13.21669734324238
11.00   4596.538762426291               15.473094707385693
13.00   2990.7938263341107              15.998336340156188
15.00   1431.2187044119473              16.5168678983657
17.00   -118.13940449730269             17.040191124291205
19.00   -1643.3700062612274             18.596474399213506
21.00   -3124.9967773438475             18.079100432556206
23.00   -4593.757844531834              19.69173752407302
25.00   -6015.308610563367              20.230642187627385
#400B
#BU-step	reactivity (pcm)			reactivity-err (pcm)
0.00    17584.908148380135              10.188371047366408
0.10    14710.69868995633               10.911397376933126
1.00    13659.871698569343              11.18192663266126
2.00    12934.457059274224              11.370613151345047
3.00    12249.912249912246              11.55011685022215
5.00    10888.530462755863              11.911281004630784
7.00    9339.812514732272               13.150831351782234
9.00    7756.736064348901               14.464993560553724
11.00   6205.4475876041115              14.07586889958669
13.00   4630.2036145152915              15.462176706434983
15.00   3074.477571434107               15.970746726685732
17.00   1563.1767531598118              16.472673890580417
19.00   64.95777744466491               16.97792152884066
21.00   -1403.834687412536              17.480654071830553
23.00   -2841.4051838238715             17.979802854311842
25.00   -4240.612351053192              19.558989473980578
#200B
#BU-step	reactivity (pcm)			reactivity-err (pcm)
0.00    19337.2750518258                9.759712794097206
0.10    16422.900125365642              10.47769743518191
1.00    15345.348650181586              10.749614992738968
2.00    14599.257013536013              10.939930353960115
3.00    13892.572373292922              11.121733638732895
5.00    12500.98436392591               11.484116605922907
7.00    10999.563897863107              13.46583196482994
9.00    9394.84819106815                13.134869654911338
11.00   7819.658379653952               13.595544609989924
13.00   6281.922720073469               14.052924814474052
15.00   4760.997723787844               14.512748087309351
17.00   3242.34888873837                16.851677487423533
19.00   1786.5035013111433              17.362603610096343
21.00   353.74420806137636              17.87287732803443
23.00   -1061.550526732797              17.362842891274525
25.00   -2477.9160091000367             17.852929558265874
#0B
#BU-step	reactivity (pcm)			reactivity-err (pcm)
0.00    21065.30267509689               9.346029662661099
0.10    18124.05842667191               10.055504712778554
1.00    17019.334495062656              10.328686271463447
2.00    16268.24305654406               10.516510681256971
3.00    15530.552599124892              10.70263131631381
5.00    14120.33458717645               11.800507090269635
7.00    12620.256372167809              11.45282939469852
9.00    11061.305442158728              12.656146223444777
11.00   9481.783208870776               13.109676113673391
13.00   7971.5079788702515              13.550789349893027